3.02805
11.2279
0.730414
0.708592
15.2007
-14.2233
-1.3309
-2.91394
-17.6165
-1.7307
13.6688
-0.876731
-3.58996
11.2531
-13.395
12.2061
-1.23463
4.28373
-1.24051
14.1438
2.29887
20.0816
16.2716
6.04894
2.30434
15.9456
-9.6898
-0.649103
-7.82776
5.91243
-3.45186
-4.44233
-4.42653
-8.81801
-13.2323
-5.40916
9.07346
-1.12799
2.29098
8.1527
4.77525
-10.2618
-7.31458
12.927
9.89476
-16.054
-3.80931
1.10815
3.45313
1.14959
16.5835
-17.3496
-4.71135
22.9977
-11.7052
12.6272
-6.99937
10.6579
3.98542
1.44079
10.5584
0.268692
-6.65721
-0.731834
-3.63267
-0.441124
0.421215
-0.123448
-1.98426
19.593
-14.3583
3.30534
11.206
0.275283
-4.20183
-2.24039
4.31034
9.9983
-14.9874
-6.50913
1.94007
-12.3063
-3.67638
-9.98382
5.93613
17.372
-17.1967
-5.42364
14.2695
-5.78909
7.89667
2.76997
7.00392
3.22074
-0.412639
3.88717
-4.2528
2.95884
-8.68353
17.2764
-10.9974
-8.20978
4.56287
0.867298
20.7257
4.31033
-13.7843
-5.37785
23.2774
-4.92404
-2.49421
18.044
-14.9334
-8.20864
3.45113
5.24176
-20.4038
7.24375
-6.93424
-10.7978
16.6226
-23.3805
-7.4657
-2.75353
-1.10432
12.251
0.317862
-12.7349
3.53548
4.62358
-2.61355
-10.6198
-18.5709
-11.714
-4.83868
-1.44816
12.1391
-7.79797
-1.37767
-21.2251
-4.06537
-4.17323
-1.03522
10.6095
5.8182
1.41817
4.61577
13.5454
0.000381116
-6.51715
-11.5628
8.89754
5.76848
3.97217
5.13794
0.600001
-6.80979
-6.57177
-14.3415
3.5477
-0.480444
4.71743
2.52785
-5.80638
-6.90683
-0.189374
22.1414
7.99762
6.3826
4.38871
-2.43653
20.1584
7.6475
15.3384
-17.0365
-24.5668
-2.98149
4.20153
7.31266
2.63602
-20.2852
2.2807
-1.86922
9.6619
19.3666
-4.72325
-0.848901
14.7734
-3.0428
4.27697
-0.833382
2.04625
-2.44179
18.2893
-7.14216
4.75261
6.08891
-11.8694
-5.13996
5.04223
11.566
8.18475
-5.51562
-8.03689
18.4452
-3.32414
4.87659
-4.22776
2.27851
-3.75828
-7.978
7.03789
-9.22546
-6.759
1.81979
-4.48586
0.249562
-2.20084
5.70081
-8.91895
4.1029
26.6323
13.1153
4.85652
-14.8018
-2.35649
10.5279
-0.214848
18.2851
-1.17402
18.7011
-0.166771
4.28698
-3.80307
4.67568
3.61896
-18.9304
-15.1803
-16.0529
-7.85087
-19.4219
14.3184
-6.17166
11.3995
-11.1821
-17.7556
-8.14676
-16.0639
-1.2393
3.21281
-3.21287
0.221213
-3.53524
6.92618
-11.4179
8.1229
13.1554
-2.87549
5.24599
6.85781
-2.37881
-7.93387
-15.1061
5.69498
-30.5123
-15.6505
-26.3101
15.5966
-1.88056
11.4367
-2.53884
12.4678
0.196537
-8.70176
6.07842
-11.1437
8.75539
4.57237
-4.54874
3.46481
3.91408
1.98095
-9.56575
-31.7786
10.3272
-0.312749
-3.18678
-12.1562
-1.30251
14.9513
1.99565
-12.0289
-9.36916
3.93166
4.45384
-19.7935
-2.02716
-1.95333
-10.3016
2.19389
-25.5857
-9.29744
6.11738
16.495
-7.54946
-10.5194
0.0470758
6.23188
1.29242
-8.99891
3.28375
9.79693
1.44842
4.87074
7.1054
-0.856099
8.75074
9.3096
-3.61209
-7.11565
-10.9377
-21.0925
1.11081
12.0451
3.94598
19.61
2.24904
-8.27129
-2.4073
-1.53023
12.3817
0.815831
1.90564
21.8378
0.475124
-4.98167
4.28221
14.4833
-23.5478
-1.70753
-1.29402
-4.67806
-5.15653
9.00052
11.4105
5.204
-10.1767
-14.4472
15.2415
-9.90269
1.99618
6.36245
11.7549
-0.0771179
-2.80926
12.5566
16.5372
-3.66918
2.93357
-0.856097
-6.3848
14.8726
-0.825277
7.08769
-14.1131
-6.87384
3.08511
6.21384
-4.85216
-3.30939
-15.5965
-0.602119
8.04072
-2.91405
-2.0264
7.35827
-8.54818
2.90247
-9.52252
-3.26132
-11.5717
11.8696
14.5002
0.193
-3.44269
6.52123
-8.02125
12.9089
2.57642
-13.8909
27.8493
11.2747
-0.290724
-0.913945
10.2488
10.3057
10.2916
15.832
-4.91007
18.3437
-2.46248
-8.09469
-6.58113
-4.51753
-13.9646
3.92288
6.26676
3.36895
-3.07841
5.46988
-2.76663
0.734122
-0.50913
1.39522
-3.23362
7.40091
28.1275
24.01
-23.287
6.19125
14.0518
11.0301
3.6428
-17.1226
9.53312
-14.1424
-0.360772
-4.31211
8.45499
-20.218
0.0947851
-12.1168
-1.57796
8.60385
2.97252
-6.23773
-18.1228
3.36841
14.9102
-7.39248
-15.1814
-2.51099
6.19312
2.49768
-5.93451
18.5127
0.672867
-2.13228
8.21335
0.831199
13.7575
-1.74927
12.8401
1.53685
-16.8878
-9.40058
8.00386
21.8157
-22.0541
7.70139
-7.54134
3.59475
-8.02934
-11.09
1.35057
8.74133
14.8437
18.1475
-14.8134
4.57409
-9.02316
-4.18809
13.3072
-14.703
-27.2742
7.29532
-1.08139
-13.4741
-2.73866
-13.1161
18.1974
1.94536
11.1088
17.0198
9.92781
-12.5323
-16.435
-8.3388
2.82489
8.2935
-1.17475
7.46433
19.5057
-14.4502
11.0915
-17.3932
13.0525
12.6609
12.0661
-3.64676
-0.836211
7.05699
8.76411
-11.8849
0.787095
5.61388
-5.67307
-3.34311
-1.68953
1.07235
-3.82115
5.92369
-12.7385
-2.65114
-17.5767
8.38264
-5.81211
1.24961
3.10249
2.22456
-7.2768
6.68471
14.8942
-14.6914
5.13775
-2.96525
-26.2264
-19.8055
0.0933334
5.19772
-11.2952
-28.9362
-13.9656
-16.5087
-2.09668
-0.549351
14.9412
11.5898
6.10777
2.53455
-11.368
-11.8761
5.86207
4.85059
-10.0206
9.79532
12.5803
-20.4995
0.636778
-8.55844
0.340223
-0.965907
7.04722
3.29688
-4.07436
9.80324
9.2921
7.57058
9.91407
-14.3139
2.88769
-17.4618
-11.6486
0.450592
-12.659
-5.95701
-9.68547
12.2895
-6.41587
-17.4155
-7.2431
-1.31774
-3.6188
-11.0043
-2.67229
-7.21412
8.25937
3.73001
22.8352
-12.6388
7.52968
-13.0108
1.49743
-10.7911
-14.2874
0.670492
-5.43667
-13.8926
5.27108
15.2296
18.5487
13.4469
-9.17047
5.18044
2.90694
0.662067
-5.93932
10.4753
11.7277
-2.95386
-1.29942
6.72283
-1.57065
-8.61329
3.51503
0.552452
14.0206
-13.2262
18.4586
7.90707
1.95427
2.84658
-2.1375
8.83082
-4.34967
1.85498
-15.4576
2.23409
8.22125
7.4248
17.9634
-1.38791
-5.82517
-5.6054
13.8143
-24.2204
-3.71148
1.99998
-2.39677
9.7271
-5.3486
-16.9814
4.98226
2.00717
10.3828
11.0275
23.4374
9.08453
-9.98666
22.5251
14.7892
-12.186
19.9226
-5.1058
-1.95075
-1.25444
-5.65942
-2.40614
13.263
-15.7703
11.6765
9.19038
-2.44031
-2.27993
-1.72171
-0.93155
-2.49778
-6.78214
7.42757
15.5757
-9.63574
-4.43763
12.3725
8.89179
11.3944
1.75528
-8.32774
0.339847
-1.71855
12.8873
19.7857
5.38838
1.99141
8.8902
17.1287
-17.8367
13.6909
-9.63262
-8.80368
4.72113
12.1776
0.357645
-9.39777
3.06619
-13.122
6.58817
3.18977
-6.48251
-6.84149
25.4005
-6.42382
-7.79569
6.79144
12.8455
-9.25773
13.7265
3.6076
12.7827
-5.9472
5.95662
-10.5132
-9.07947
-13.7527
0.925345
-6.47426
-13.4648
12.2581
11.2408
-3.01033
-1.15645
-0.122298
-12.994
-8.43227
-0.960665
-3.3394
6.88408
18.789
-3.49123
-15.9829
5.12893
-7.86262
6.21671
5.05817
1.84379
5.14423
-7.67109
16.7349
-0.178198
-7.60609
-2.0932
16.1073
5.49037
1.05345
6.33151
17.8899
19.3541
7.19828
14.57
7.89123
-8.57001
12.2763
-13.6214
15.937
5.92646
8.32967
-8.06622
-12.6136
0.48524
8.99929
-3.77084
-9.03453
8.11137
4.28826
0.0336566
-15.376
-15.4471
9.41464
6.58726
6.35519
3.26098
-2.84737
-14.0729
7.71763
11.8779
25.0265
-1.05399
-3.52533
2.62796
-0.278746
11.739
-0.162544
-7.90003
-2.81434
5.15265
-0.3624
1.02635
-8.64045
-20.5585
14.5914
-1.65571
14.7019
0.758874
16.17
6.93034
13.9241
-9.67969
19.8803
-10.0147
-16.9643
-16.7219
8.22937
4.60625
-2.99289
-4.23945
-5.78924
-0.255786
1.95169
8.8293
6.75059
-2.14844
7.52754
0.799847
2.89851
-12.5719
-4.71841
-3.13985
-4.23352
-3.11796
1.17751
10.8914
0.820963
-1.87385
-15.7455
-0.579702
4.92547
6.85661
-3.63301
-4.90468
5.10725
2.02313
4.59815
-3.27024
-8.74598
-3.52556
-1.13215
-1.95596
7.46696
-12.8578
-4.1768
-17.7643
8.05758
-0.95252
17.6319
-23.2795
-10.4652
-12.0257
-6.41315
-8.26271
-1.02846
-21.6176
-1.93955
-4.96674
-8.45432
17.3558
-2.22186
-13.9732
-0.409264
-8.97143
-10.709
7.33446
13.7769
26.1087
7.15471
2.67272
0.797146
-2.65772
-9.76675
-2.66916
15.3709
3.72067
6.16693
-8.21856
-26.3599
-0.483123
3.39617
7.61695
-1.77605
7.04955
-4.81292
-6.62945
-19.7998
2.82163
0.316518
0.705875
-8.42661
-3.16808
-6.15204
8.09209
2.81737
3.95074
4.48598
0.702239
-29.3096
-10.55
2.14353
-1.57882
-13.0837
14.8139
1.00685
-2.0676
-9.92552
-6.5113
-6.37516
-7.48094
-6.40029
-2.05942
8.02067
-5.56362
-6.57765
13.0762
16.7922
-7.50423
4.84574
-15.7023
-15.4884
-3.03721
-1.54124
-6.86048
-0.410653
-20.5926
-3.91816
-4.10498
-7.08213
-7.6269
7.57906
9.74519
-4.13878
-10.326
11.8249
-13.6578
11.305
-17.1707
4.63416
5.96896
-7.0638
-13.0779
-0.222091
-12.0487
6.96004
14.255
1.81938
3.85416
16.5068
15.4493
9.42506
8.97957
-6.5357
8.79762
2.14575
1.4824
1.60229
1.59926
-5.33854
6.91798
11.8047
-9.52189
11.9618
11.8596
11.5196
13.5291
3.99344
14.3088
-7.87261
-4.38806
12.1726
-7.47284
13.877
16.2526
-18.5315
-3.59711
7.20933
10.6759
15.6962
-12.1823
0.0179857
-0.620948
4.56591
-23.334
-1.17343
-8.8974
9.23763
-7.54943
-7.62162
4.25449
1.02431
-3.82103
-21.0845
10.4977
-14.3067
13.1266
-5.421
21.2001
4.61979
-12.6126
-10.4392
-12.6658
6.54492
-0.350228
4.17098
2.40564
-4.4466
-6.73564
7.18366e-05
1.66641
2.02988
5.50881
7.24283
-12.7982
-2.89175
6.29975
6.55056
2.13917
-4.43422
-2.63657
-11.4728
4.27656
-11.7433
-2.0099
2.90714
-15.086
-8.75934
-7.48195
9.20524
1.49829
-3.44742
-2.71775
5.90497
-1.71527
-21.363
-4.28455
-10.6777
-16.3152
-3.41238
9.3656
1.79112
-1.10303
-5.57675
3.68911
-16.2721
0.633278
-12.6888
7.63971
0.808453
-1.97119
7.10745
20.6709
5.13391
-16.499
-4.28788
-5.32065
6.56964
7.39997
24.5216
15.7472
-2.09769
-6.40589
-13.6727
-3.48884
20.1061
6.94036
-11.4909
-8.1262
4.48301
-5.25129
-8.42502
0.265479
-7.32221
-7.03352
34.3435
-1.94327
7.8877
0.0635737
-8.00413
-1.54266
2.56535
21.9491
-3.81446
20.9579
12.3596
4.64209
13.6193
-6.47561
23.8562
-7.28687
2.77982
-4.96385
-1.64367
1.34594
18.3086
2.06596
6.22962
6.72418
14.3287
3.54824
17.2761
-3.26333
7.83742
6.31554
-3.27422
-0.131804
-5.24408
-0.795008
-25.042
11.3633
-2.8063
18.9295
20.5047
20.7587
20.6622
2.7667
-2.88703
5.43009
6.78781
12.5926
-4.73024
-8.67643
12.2554
-13.182
-2.28056
11.4196
8.10042
0.119327
-10.5054
-3.0636
-7.55118
8.77364
0.815664
10.7428
-1.46186
-6.65149
17.0738
5.63447
-10.2554
3.74609
1.58763
4.49558
-29.8993
8.85558
3.35812
-2.08454
-1.30538
2.37248
-6.04325
12.9714
-6.50349
-11.446
-19.5903
0.713778
-8.79828
7.2735
-7.80093
0.978428
7.35865
-17.6946
-6.08963
0.164563
-5.59659
-2.9943
2.66523
1.96854
-13.6282
10.0128
14.3571
6.20618
-18.1323
11.8001
-3.36457
-10.8507
-12.0273
-0.698581
-5.19424
-4.82535
22.9976
-13.1417
17.8064
-3.01646
-14.1718
9.99248
-0.154583
4.24967
-11.474
7.96333
-9.61872
8.53165
-6.04089
13.8157
-8.05696
4.58672
-5.3046
-10.7497
-0.817999
3.53264
5.02787
5.43332
-0.175211
5.68528
17.5395
12.4968
-8.96134
-6.28914
-1.46905
-10.3761
7.1923
4.31113
1.52771
-2.30501
0.0402335
-10.4633
-2.03549
3.78838
7.23217
7.21703
14.6713
-5.52777
7.12905
10.204
4.98138
5.52333
-1.68827
6.23866
-1.59306
-14.8788
2.25007
22.1543
-3.17424
-6.91156
-29.8873
-8.45363
4.31966
-8.92191
12.898
-11.2531
11.9528
-1.51118
-7.67664
7.56805
1.50398
0.419921
-3.85862
-3.12034
-23.8558
-0.678404
-4.01653
-0.15314
-10.2708
-26.2206
-0.743787
1.77623
6.3951
11.0804
2.65025
-22.747
-7.97558
-14.034
1.52453
11.496
13.2854
-4.92886
14.3911
-6.53534
-7.57788
-10.8578
-10.3355
-7.86897
19.0736
-13.1461
4.09055
-8.95414
-21.0265
3.9368
7.57404
-14.2377
-4.78501
-10.9902
0.0146116
3.97309
-16.3693
17.7394
1.27677
-6.20384
7.34207
9.17755
4.49441
-6.79185
-9.98909
-22.2742
-1.72004
-6.49992
-8.6049
5.02969
-4.36714
5.55997
5.79586
14.4438
-8.01719
7.35024
12.3869
1.54875
1.35714
6.52336
23.0197
9.83494
-1.11811
5.42351
-5.23725
0.438617
6.65196
-0.570895
-2.03066
13.2388
16.7829
-8.70776
1.40426
5.72638
-8.27025
-8.00467
-10.7707
14.7081
-0.812537
15.1515
3.45277
-8.68414
10.0084
3.28231
5.48356
1.23872
14.8675
-0.445838
18.6839
15.4685
-5.22768
-1.33097
-2.16797
-10.3308
-7.07005
-12.7121
1.02518
7.84701
-5.29769
-0.743981
2.47037
-6.12698
13.4201
-15.6891
8.08781
-7.69495
-2.42613
28.7622
-14.7207
2.65917
8.41187
-9.66077
10.5796
-3.76542
-16.5264
8.88575
-2.35795
-9.42243
-2.89299
11.3599
5.11815
24.0088
-4.67842
-10.824
21.2602
15.717
2.86204
-2.71571
-22.1939
-10.0733
-18.1493
-7.61979
-19.477
2.60273
-4.97264
0.983421
1.85089
-2.85931
19.7909
6.29815
-2.49866
-12.7029
-5.18771
0.137329
0.103929
-3.45096
13.7686
-13.3875
-12.8982
-28.2308
19.256
0.608622
-5.07151
-11.8449
7.04482
-13.9878
1.79262
4.38981
-7.40923
8.33451
16.7439
-10.7668
9.71173
-10.3707
-16.0577
-7.96463
-21.4309
14.6866
-3.35736
10.2341
2.28732
7.12165
7.64255
9.70171
2.04008
9.9075
-2.34919
1.6349
4.40259
9.87065
10.3911
-0.96241
21.5722
-7.18885
18.3711
13.314
15.1394
2.87668
13.4726
20.6289
-10.5607
6.88166
4.43009
-0.319804
7.575
-13.9755
-14.2641
-2.52584
-4.41949
6.24895
-2.65498
-1.26783
0.323211
11.7032
-4.48379
-16.3692
0.786168
21.4383
-4.96818
-1.79686
-24.5425
1.21701
3.95376
3.51056
-23.5432
2.30325
3.14274
-10.4456
3.28584
6.5415
-15.1125
2.18172
-2.35146
1.5803
0.204285
-10.0664
0.970648
16.3498
-8.39461
-3.15175
-2.254
14.3521
17.0527
8.01269
3.11562
-0.23246
6.28374
-2.47266
-13.6519
-19.0766
1.52474
6.80415
4.93176
6.1504
-1.05904
0.863066
0.437141
-1.18567
-9.12069
-16.3699
-6.44783
-3.08976
-0.187123
-6.84073
7.15567
5.87484
8.47757
5.69583
7.95668
-4.60216
-2.99903
13.1885
-6.88961
10.7071
-15.3731
5.37618
-9.75396
-3.1933
3.42471
2.08229
-5.72925
19.7824
17.7173
4.45992
14.1671
9.74692
3.09048
-6.75067
16.2776
-0.571844
-9.64634
-5.84114
1.0339
3.97926
22.1377
-0.380107
-3.86121
-10.2939
-4.15789
5.39313
-12.7602
-7.18476
7.61447
-0.347351
3.33258
11.8966
-11.4734
1.08337
-9.2108
0.982223
22.449
10.9628
-3.91249
10.045
-7.66757
10.6305
-2.30205
13.6476
5.07831
5.58977
7.92209
10.7067
7.93964
7.13356
-4.4694
-12.5302
5.54831
-4.89515
10.4378
-2.3237
6.28346
2.10441
6.65025
27.3276
1.12018
-11.1611
5.30299
-9.93051
-11.3141
2.39065
-1.88252
5.70744
-2.01145
6.41238
2.87288
-2.81964
-13.7413
-7.38127
14.0286
-17.9425
-17.4884
-0.984895
0.378449
5.49289
5.81876
-10.1797
-2.43395
-2.35356
-6.36934
-3.45872
12.3891
-10.5715
-7.68289
2.46703
13.9065
-4.79955
17.3991
9.28598
18.5753
-10.1018
-0.983241
13.5225
1.81302
-8.44291
-4.94946
0.118451
1.87326
13.2617
7.41538
-8.83709
12.1991
5.36481
-15.8037
0.940502
-9.38949
8.00802
-19.2383
-0.316107
-11.1665
-0.983842
2.59857
-0.815666
-4.30103
-3.89915
0.405768
-3.93282
13.681
-5.43832
-9.67923
-7.29168
7.62722
7.37354
-1.93933
-2.1499
5.65836
-22.1594
0.895286
-21.8408
1.45054
13.7077
-1.70566
1.89543
13.2797
17.9559
4.43565
-13.9609
-13.5097
-0.970504
-7.0134
-12.6525
2.49216
10.9226
1.23127
8.7972
2.91202
5.37872
-13.2345
3.87496
-7.7099
12.9295
-12.5333
-21.9604
-9.4451
-3.84781
20.8564
1.09035
2.81504
21.8009
-7.23347
-9.0112
-4.78284
2.32464
14.5638
-12.7722
-3.83223
-1.99637
17.7385
-6.18255
7.9779
1.24394
18.5478
0.594315
-2.73026
-10.9588
-4.27904
12.9786
10.8593
-12.6526
-0.746642
-17.3062
-9.16929
19.7814
11.7213
-11.9334
-2.36708
-0.609371
-17.8022
-12.5673
5.49766
-7.40275
-6.21113
23.7516
-13.0393
1.92018
12.0235
8.42829
3.05177
-8.85954
2.93367
-9.6833
1.18127
10.932
2.3804
7.46516
20.2885
-5.70739
-1.68382
-14.6525
2.39306
-0.996926
-0.825045
-3.87735
-2.65976
-9.1029
-5.95834
5.59077
-1.0236
12.4312
-15.4583
-10.1924
5.48165
-5.04006
20.9772
4.45044
7.20566
6.63806
16.781
17.9572
14.6645
6.91819
29.2109
-1.14119
-15.407
-19.8907
8.08738
17.1717
-14.6786
3.27521
1.24621
-0.787506
-5.79693
-3.28825
20.7599
-18.7043
-7.58701
19.6246
-15.6735
-11.8861
-3.27515
2.98863
5.94448
-1.99361
-4.03033
9.65451
20.4706
-7.7693
-0.560668
5.38947
-12.2265
10.0242
12.2801
-4.62674
-5.39185
21.4816
5.87899
15.6199
11.4768
1.34707
-6.37657
-1.70211
6.38823
9.44379
-0.945152
0.471712
-0.804322
14.4876
5.56204
-8.33005
7.87737
1.46189
-5.61642
-13.3829
14.6619
6.83937
1.26627
0.594905
-4.74666
-19.4487
-2.12931
2.55604
-5.05134
-2.20315
-0.953314
4.71413
8.57895
17.0172
-8.73636
-9.24628
-2.42019
-6.40348
6.37043
-1.37462
-11.1061
-5.79172
-7.77172
-6.2376
7.78383
-7.91624
16.4183
7.70907
-5.62861
4.18214
-6.93683
14.7323
26.1469
-15.6146
-3.96942
1.31662
10.6948
-1.09501
0.951966
-13.1839
-9.26867
2.78509
10.0898
-9.90736
-0.00710141
5.91974
9.86476
-8.32651
-2.06091
5.17284
5.96607
8.76073
-5.14157
-19.6324
-9.76578
3.38523
2.03189
4.86291
-5.85237
3.70116
21.2059
-19.4425
14.2481
6.04334
-8.97598
-1.8267
0.791722
1.27302
4.69633
7.12447
-15.8558
-16.0062
-31.4412
-11.4032
-2.58056
-18.542
0.0320426
-2.82542
-7.37967
-8.93966
2.4575
9.05506
8.97153
19.4574
-11.0923
-9.63349
-0.40899
28.1878
3.20791
-16.6149
-9.92835
-3.69138
13.5429
4.58229
-6.60716
-5.54078
8.23625
-2.11539
17.6744
-1.12987
-16.1552
-1.78434
-9.30423
-3.56781
-8.62925
2.0716
-6.47007
3.30238
-15.494
-7.2002
3.79122
-0.454076
8.19421
-5.52098
-1.26516
12.952
7.6923
-7.48451
-16.2465
3.18468
8.5898
7.50175
12.0758
13.413
-7.53314
13.0648
4.7554
13.2756
-3.80824
3.45769
17.3568
3.56996
-2.61093
-4.37169
-0.497625
-11.6601
0.520096
0.843521
10.0275
-5.3074
5.48383
-10.4674
16.6752
5.80852
-1.75259
15.6387
5.08802
-18.8114
1.48323
-7.96981
-31.7569
0.607406
8.03202
-1.55375
-3.68492
-2.52805
5.97429
1.27628
-2.91591
7.91602
-3.59791
6.87546
5.13729
-1.81612
-7.80107
-5.71739
20.6745
-9.36018
13.4518
7.80069
-11.9068
-10.5146
14.2177
1.53376
-10.0781
2.34557
-8.22246
3.75732
0.384814
5.83086
-9.78598
-9.64826
-0.439174
6.56545
8.41661
-6.39785
-6.15664
-6.91284
-3.01641
13.2163
-10.5465
3.55069
-4.09552
21.6264
-5.34931
14.4006
-9.39869
11.6658
5.19523
0.89562
22.3903
4.12681
-0.542492
-12.7983
15.9666
9.03871
5.03637
-18.4342
-19.9022
-12.6017
8.83387
12.6711
-15.4713
9.49024
-23.0324
-2.62765
-7.89946
1.48657
-4.94019
-9.85481
-2.32975
-18.6217
-6.87752
-11.8171
3.318
-14.3702
19.0776
-2.65256
-14.8768
-16.0827
-2.94456
-14.5526
4.99841
-0.81539
9.48645
-17.7015
-0.442358
9.194
-5.19915
4.58935
-2.59271
-16.6434
7.97111
-10.9291
-9.13608
-4.47661
-9.2518
10.2905
2.50621
-3.71372
8.4129
-7.64508
-9.841
7.40485
9.6401
2.76606
4.71476
1.77612
11.673
0.678773
-8.15151
-15.1113
-1.27894
-1.27829
-19.0013
-19.1439
1.16996
-12.3469
-6.4262
-20.8035
20.3851
6.87024
-27.1823
-5.88766
2.537
-7.89477
9.97019
1.72528
2.28241
5.4906
2.0193
-6.07554
-8.12964
1.33205
-0.598148
2.4582
1.2903
9.98832
-0.82401
7.52717
6.02959
-0.40298
-12.6092
7.76105
-11.2981
-15.4556
-17.7687
-11.0055
-1.83178
-12.4331
4.74705
9.16153
15.8535
-5.44132
-8.18214
5.19115
-6.67161
0.029028
4.41662
-1.45819
1.08057
2.0102
-9.13574
2.59796
28.5859
-2.9049
2.73927
-25.0815
-4.18064
-3.32654
-11.432
11.8357
-3.97998
-4.83144
-6.5005
2.68897
-20.5166
3.28897
5.71316
-17.2071
1.73848
10.6028
1.69671
4.31488
16.948
0.716545
-13.7231
-10.9789
13.3252
0.149476
0.0578676
1.38159
18.2559
11.3308
2.88703
-3.06012
6.50325
-4.22265
-11.8357
10.0656
-1.32151
-1.11824
3.14445
0.848318
-2.6348
4.28103
-4.25254
-9.7599
4.52496
15.502
0.833461
-11.0153
6.33142
-6.88207
9.76039
4.25652
16.9721
11.8447
3.05587
-10.0289
-1.10941
3.90166
-3.40382
0.888877
-2.8992
6.31777
9.32103
-3.44198
-14.8411
5.83591
-10.0614
10.7958
-6.08453
-3.07597
2.59277
14.2514
2.03285
-0.306781
0.629679
10.7805
-1.62214
-14.7724
5.47567
3.22463
-23.5197
-2.36519
-14.3635
10.8988
-7.61808
2.77157
0.0852285
-0.9165
11.3996
-3.0989
1.12397
17.7958
6.5385
8.70132
9.44989
-13.1696
7.40267
9.91263
-4.07004
5.34083
-0.555335
-15.8154
17.8003
3.32235
-3.01991
8.68615
7.40835
7.23922
0.0870314
-5.84196
1.94865
11.6496
0.510719
17.0288
-11.8284
25.9286
-2.3615
-0.986617
6.34595
-3.04796
-14.8273
22.2472
8.10614
-7.69101
7.5265
9.53632
-12.8316
-1.07415
-31.0637
2.37897
-19.5986
0.14861
-10.3165
2.96392
-9.15226
-6.93536
6.26999
-9.63214
-2.48962
-4.86954
5.50372
-14.2598
9.57786
2.29356
-4.1729
-2.93397
2.32067
-13.5651
2.63632
-5.93375
-5.38691
-14.1518
2.56838
-3.1551
-3.82453
2.83786
-6.05738
11.7393
2.57175
-6.43023
4.16237
4.66605
2.0241
7.05475
-1.9515
9.11701
-2.19748
14.84
-2.35893
19.0662
-11.2378
-19.8196
6.34037
11.7515
-3.47947
-1.96118
7.07344
-16.4468
9.62778
1.94183
3.49565
-10.3336
-8.38675
-2.8709
-8.92493
8.52546
-4.37646
5.53549
-11.9998
7.37338
-12.2563
3.08464
1.48367
27.8544
-1.75644
6.56871
-2.73467
5.88991
13.3587
-7.22327
-1.18359
10.6572
-3.33135
-3.60454
0.46068
3.29331
-0.0264861
24.2313
9.78983
14.7822
3.6614
7.90584
-0.941907
6.28375
8.96461
-7.27452
-15.711
-7.56416
-7.98376
-1.23766
1.38348
6.29814
10.7267
-6.12044
9.50203
20.261
0.679525
13.2542
-15.9129
13.8378
-4.2169
2.91957
-5.17199
3.55852
-4.15158
17.5606
3.42796
2.24329
7.12341
-20.6676
1.49718
9.88669
4.50954
-9.01436
3.8322
4.3526
7.26046
-4.18255
2.69215
-7.26568
3.65405
-0.697637
30.8956
2.65147
2.13035
-6.60943
-12.2952
-3.78634
-8.82043
-16.1164
4.52467
5.81079
-15.9409
12.8643
-0.204078
4.72228
-12.585
-2.81964
0.519819
-1.0005
-1.83268
1.16044
-2.28062
9.39107
-3.69691
19.2874
17.5906
0.183514
9.59736
2.7989
-12.427
-1.42159
-1.52082
-0.770517
8.30591
-11.6412
8.14794
-5.29517
3.48622
12.705
3.81616
12.966
-13.7902
-5.5931
3.38139
-0.951651
-8.35802
-5.50371
-1.86162
0.687429
-11.6362
-0.761118
-1.50551
7.95033
4.59072
5.49732
7.36626
1.13401
-1.90695
12.2476
-5.27972
-17.1033
-1.26689
-22.6004
27.1315
0.368037
0.423178
-5.78088
-11.5502
-7.4591
-8.65747
2.14353
-2.35234
-2.52364
-5.60215
-28.0924
0.811363
2.78214
-5.80569
-0.102576
10.7684
-5.19348
-2.1983
-9.28159
0.405296
-6.481
-12.3743
10.4728
9.06171
-8.41971
26.5643
15.6026
14.7575
-7.04823
-3.5059
-7.70534
-6.16887
-18.7351
-4.1663
-4.61806
-6.31986
10.8269
-1.968
9.48693
5.85436
-1.85819
-1.52893
-21.2406
-8.92937
-2.22633
2.36482
-3.60432
-1.89638
7.18683
-10.5851
2.09263
1.29874
-12.3032
-2.25221
3.42134
13.2259
-19.1025
4.68742
5.91414
-19.5885
-2.41567
10.5811
11.9309
-2.74729
-5.60437
-11.3051
-16.1222
-7.85603
-2.04471
11.6304
-7.66624
-2.13583
-9.68396
13.4383
2.90255
-15.2839
-25.8245
-9.11144
-7.70501
0.218717
2.58395
-20.4197
-2.6533
10.3647
0.942342
11.552
-17.2075
-26.5646
20.196
3.49146
4.9625
19.7999
-6.06578
5.46065
-4.38689
-9.33237
-13.2868
-4.69689
15.7172
15.5006
-20.301
-9.72701
3.00037
-9.03508
11.43
1.85517
-10.5856
-4.9928
-11.8174
4.23709
0.818572
-6.4086
24.3996
-12.002
17.0012
0.49393
9.01032
-6.22033
-2.56316
1.56268
-17.1251
3.01825
-2.45131
15.5224
10.6965
6.96997
-9.59469
7.7696
17.0356
-4.91106
6.8579
29.7506
1.30103
3.21402
-2.78
-2.56546
-3.55957
-4.808
-6.67752
-2.32062
-4.05956
-1.86368
19.315
3.89859
2.35449
-9.78226
0.878786
-7.83336
1.3552
0.122869
-2.13873
12.8719
7.17223
-0.906735
8.21477
-22.3965
-18.3806
-9.61674
4.70155
-8.98711
-5.161
10.9783
-10.689
0.666222
3.0888
-4.93189
-1.14199
8.70795
1.95772
10.3514
-4.80789
-7.43537
-6.46797
10.2129
12.4462
4.97075
1.03165
-1.64121
-10.3313
9.11491
-4.23583
18.1512
5.85496
-15.4714
4.79904
4.79895
-3.97252
-2.55315
-6.555
1.78831
-2.57388
8.78924
0.231588
-1.56656
-2.97062
11.9624
-4.0545
6.00593
3.44209
-1.30465
0.853749
6.79189
-11.1312
-4.03171
-8.8053
2.95757
1.51521
-21.1866
7.03165
-8.80694
17.7715
-10.194
-9.66094
3.62874
-12.8379
-11.1287
-17.6607
-10.1474
11.2101
6.94936
12.2132
11.3492
-13.0288
2.88106
-3.639
0.0628923
3.81555
3.8365
-6.34084
11.8455
12.8323
8.71802
-5.43953
-1.44211
1.41572
-20.1196
-9.04054
5.62336
-0.507623
-6.16619
2.37324
17.9566
-2.71037
15.7736
-8.07381
3.03917
2.05265
-17.8578
-2.25343
17.6734
2.7182
0.713194
12.2517
1.73345
5.00012
-2.83033
-4.9598
-5.02485
-4.96332
28.9613
6.36982
4.10134
-13.0405
-1.6712
-0.508915
10.4659
8.50275
4.17276
-1.48484
-2.97092
13.5827
-4.62682
9.11063
13.876
-10.5765
-2.51588
-0.255464
-4.21881
-14.8865
-11.5042
9.63824
-8.63302
7.99371
-0.600139
-8.24589
-4.27696
13.3395
-10.9373
0.0792274
1.79313
-12.3749
0.714361
5.54802
10.0303
-4.86339
11.1006
8.4961
16.6712
-1.10901
6.96431
-2.11792
5.85766
0.690168
-5.30023
-1.77389
-1.00758
7.71075
-11.2674
10.2506
-13.1768
5.30283
-4.62574
3.04352
12.4365
4.65006
-14.6059
19.0969
1.98112
-0.558043
4.90794
0.162203
-6.52033
1.76403
13.3689
-25.5845
1.76361
-5.58859
16.3785
13.3144
4.51822
7.20512
-6.64381
-7.87314
5.87963
-7.48618
3.58004
21.136
-11.3536
-3.93212
9.97283
-7.14148
-5.9104
-11.2243
7.8331
-7.89284
-17.6427
-0.702164
-6.69789
-5.87569
-10.6491
9.16356
-18.9426
-10.4622
6.17867
9.16802
-5.45307
-7.52409
-3.85305
-15.9249
4.41816
-4.81428
-5.81784
-10.3041
-4.51763
0.81245
5.38797
6.11323
7.6938
10.7282
-1.44479
-9.87423
-16.7504
4.46332
4.89353
2.0486
-13.4078
-1.50815
10.282
-1.9647
7.03392
8.92739
-18.8596
-7.089
-0.440424
1.28215
-10.1454
-22.9669
3.35527
1.50419
1.98144
5.43901
2.15047
-4.93973
5.99701
2.7116
2.04846
2.95818
-6.16923
-2.40987
1.7495
11.4288
15.6344
20.7061
8.1283
18.4416
11.312
9.39126
11.761
-0.914607
8.15503
-13.229
11.6476
3.5668
-4.92274
7.06787
-4.22521
-2.57631
-3.54931
-8.2041
-2.10217
15.6478
-7.88214
16.5491
-4.53518
4.84738
-8.6779
5.29999
-5.79925
8.4193
-2.83695
3.1308
11.7003
8.82103
-5.82993
0.898813
1.83469
0.567922
-7.66647
9.73002
-0.396919
-10.3007
2.80432
2.27016
-2.74694
3.20348
0.942175
-18.4497
-10.0797
2.14926
8.29316
2.5173
-10.4612
19.9068
7.96083
-8.84596
-3.11346
5.31118
8.89632
7.17745
20.546
2.32941
-16.1057
-12.6666
-1.87035
-13.2847
23.5038
2.51125
14.0625
-13.4176
13.5782
-3.26396
-13.7986
15.6387
-25.9202
-11.1963
3.67991
-20.0497
-6.47064
-5.55308
-14.9816
-5.07545
6.21729
-19.434
13.019
-0.965136
-13.1075
-10.4205
-2.01355
8.84682
3.79233
5.22551
-4.62511
4.12743
-0.350879
-7.61993
-8.52347
1.53349
-1.74042
-6.71207
-3.05206
14.0126
-8.97409
7.00778
-7.84899
-18.2457
-11.0882
18.3223
-22.8553
6.53164
-5.68442
2.19243
-2.48967
-2.31919
9.0847
-0.958886
-18.2057
-5.07591
4.16188
-16.4487
1.38928
0.70941
8.35145
-3.61446
-12.6012
2.92341
2.71384
-7.0915
-5.57648
-2.96532
-23.4207
1.13222
-6.57272
-1.64666
5.92223
-0.287104
-5.90266
8.16284
-13.4625
12.7642
-5.95209
-10.3706
2.52646
11.2059
5.26365
9.53888
-14.8145
0.618339
19.1112
4.02993
-7.75966
-5.7597
-1.09296
0.250526
5.21275
9.64018
1.07679
12.1973
11.6074
-3.93942
-2.79442
1.79575
2.52049
-7.63747
0.444211
-2.33353
3.22266
11.6923
14.2542
6.8302
11.2191
2.97388
1.09461
-14.5942
-16.7689
17.9412
9.11858
14.4827
13.857
6.74604
-11.9972
1.47421
-7.31266
1.56164
-7.11302
-14.9573
0.739593
-5.72756
4.46634
11.8961
-3.81428
4.90744
21.4445
-16.6187
12.5032
13.698
3.26151
15.4574
-5.1965
11.0886
12.4354
-14.1918
-13.282
-0.759941
-4.06058
-18.1564
-13.4155
11.5207
-3.96173
0.639748
-6.46448
13.4879
-5.12089
5.726
-12.9133
4.68952
-13.8638
2.16666
-1.45675
-15.2853
4.21856
-14.0766
0.287955
11.6061
9.11553
3.6887
-4.13326
20.1908
5.84559
5.49155
4.68425
-18.6389
0.941337
-0.341977
-22.2577
12.9321
5.04946
-7.85236
-10.2581
-14.9654
-6.69629
-0.695637
1.24576
13.3408
1.44642
6.59642
-3.68288
2.04289
6.35744
10.2709
6.39337
-17.4146
-3.36708
6.95858
-5.09707
11.0038
15.8728
0.601649
5.3523
-2.58787
6.08984
-6.99515
2.79929
3.18344
21.2848
2.64476
13.5502
14.4329
5.56857
-4.31924
-2.09166
-2.94921
3.31812
-7.39861
-5.02459
-6.72495
-12.3194
-11.1054
-1.09359
-11.1312
14.9875
1.76519
-18.8575
-1.67768
10.3042
-17.303
-4.47468
-6.83337
18.7223
-5.96164
-7.73831
2.03195
3.77766
9.27119
-5.35296
6.8455
5.55855
14.5882
-0.567109
-10.6705
10.8953
-5.36047
-12.3946
1.22432
2.00089
-16.9817
12.9495
-7.34515
16.6334
24.618
1.6627
2.14749
-4.02702
4.43487
0.899557
4.49193
-5.50824
-22.8429
-0.0161142
3.0909
19.8214
5.98864
14.55
-1.28957
0.0395223
15.4971
-0.671087
-10.8765
-2.97433
0.912641
0.025713
-3.56086
-15.9428
5.79261
-15.3483
-10.7402
7.77325
2.94365
-3.60171
5.34036
10.2452
4.1915
-5.89984
7.17205
-5.59259
-16.5997
-8.01261
-6.98268
-8.18325
22.1186
-1.51698
2.02016
-21.4197
2.49891
-5.48551
10.1924
-8.2635
-7.09855
20.1967
-15.1992
10.3553
-5.32107
13.9658
4.30342
19.4389
-3.04903
-15.7142
4.55316
0.362654
5.28159
4.95858
-7.99526
2.37034
-9.89328
1.8228
3.73255
-5.99094
9.30815
3.97129
-10.7807
18.6526
-16.2748
5.08358
-4.45564
5.34272
4.60453
7.94537
-8.57544
5.75202
-6.12078
-8.152
-8.8453
